1275
7693
3137
4796
6784
5557
10415
18508
9099
10091
11915
13916
18414
19301
23693
25025
29456
32984
35695
39788
45014
49758
55093
58477
48844
52854
55969
60159
73098
69129
73714
97591
89788
88486
95042
100927
108763
111735
118003
124127
130527
136540
143948
150755
158937
166122
174622
182725
190156
198753
207523
216857
225334
241705
246421
255001
264726
277545
285933
296249
308620
319511
330706
343663
375299
370496
395539
395537
408404
423500
474278
509786
1103615
1055555
552024
205296
191316
196306
212075
211929
219987
228247
236983
281049
388138
406984
423278
437165
465726
474144
490611
507337
528866
538608
586746
618120
590631
595173
609795
646086
